dim 100 100 100
putbox 0 50 0 3 0 50 0.0 1.0 0.0 1.0
putbox 23 25 0 30 23 25 1.0 1.0 1.0 1.0
putbox 21 27 29 31 18 26 1.0 1.0 1.0 1.0
putsphere 24 30 30 2 1.0 1.0 1.0 1.0
putvoxel 24 30 27 1.0 1.0 1.0 1.0
putvoxel 24 33 30 1.0 0.0 0.0 1.0
putvoxel 24 27 30 1.0 0.0 0.0 1.0
putvoxel 21 30 30 1.0 0.0 0.0 1.0
putvoxel 27 30 30 1.0 0.0 0.0 1.0
putbox 28 35 29 31 29 30 1.0 1.0 1.0 1.0
putbox 13 20 29 31 29 30 1.0 1.0 1.0 1.0
putbox 23 25 34 41 29 30 1.0 1.0 1.0 1.0
putbox 23 25 19 26 29 30 1.0 1.0 1.0 1.0
